0.0 38
1.0 43
2.0 53
3.0 72
4.0 72
5.0 73
6.0 81
7.0 79
8.0 88
9.0 77
10.0 87
11.0 119
12.0 91
13.0 80
14.0 90
15.0 84
16.0 101
17.0 93
18.0 109
19.0 90
20.0 108
21.0 112
22.0 113
23.0 119
24.0 112
25.0 138
26.0 139
27.0 140
28.0 119
29.0 113
30.0 116
31.0 111
32.0 89
33.0 98
34.0 80
35.0 95
36.0 72
37.0 69
38.0 75
39.0 63
40.0 55
41.0 46
42.0 38
43.0 48
44.0 36
45.0 31
46.0 31
47.0 28
48.0 36
49.0 36
50.0 32
51.0 27
52.0 18
53.0 14
54.0 25
55.0 19
56.0 15
57.0 18
58.0 12
59.0 17
60.0 10
61.0 17
62.0 16
63.0 12
64.0 12
65.0 13
66.0 14
67.0 13
68.0 13
69.0 15
70.0 7
71.0 8
72.0 11
73.0 10
74.0 8
75.0 12
76.0 7
77.0 5
78.0 17
79.0 8
80.0 3
81.0 4
82.0 7
83.0 7
84.0 1
85.0 11
86.0 2
87.0 4
88.0 3
89.0 4
90.0 6
91.0 5
92.0 2
93.0 8
94.0 2
95.0 4
96.0 3
97.0 1
98.0 1
99.0 2
100.0 6
101.0 1
102.0 6
103.0 2
104.0 1
105.0 2
106.0 0
107.0 3
108.0 6
109.0 4
110.0 0
111.0 1
112.0 6
113.0 3
114.0 1
115.0 0
116.0 0
117.0 3
118.0 0
119.0 1
120.0 2
121.0 3
122.0 4
123.0 1
124.0 1
125.0 3
126.0 3
127.0 1
128.0 2
129.0 0
130.0 2
131.0 0
132.0 1
133.0 0
134.0 0
135.0 1
136.0 0
137.0 2
138.0 0
139.0 2
140.0 1
141.0 0
142.0 0
143.0 1
144.0 1
145.0 0
146.0 2
147.0 0
148.0 0
149.0 1
150.0 0
151.0 0
152.0 0
153.0 0
154.0 0
155.0 0
156.0 0
157.0 0
158.0 0
159.0 0
160.0 0
161.0 0
162.0 1
163.0 0
164.0 0
165.0 0
166.0 1
167.0 1
168.0 0
169.0 0
170.0 0
171.0 0
172.0 1
173.0 0
174.0 1
175.0 0
176.0 0
177.0 0
178.0 0
179.0 0
180.0 0
181.0 0
182.0 0
183.0 0
184.0 0
185.0 1
186.0 0
187.0 0
188.0 0
189.0 0
190.0 0
191.0 0
192.0 0
193.0 0
194.0 0
195.0 0
196.0 0
197.0 0
198.0 0
199.0 0
200.0 0
201.0 0
202.0 0
203.0 0
204.0 0
205.0 0
206.0 0
207.0 0
208.0 0
209.0 0
210.0 0
211.0 0
212.0 0
213.0 0
214.0 0
215.0 0
216.0 0
217.0 0
218.0 0
219.0 1
220.0 1
221.0 0
222.0 0
223.0 0
224.0 0
225.0 0
226.0 0
227.0 0
228.0 0
229.0 0
230.0 0
231.0 1
232.0 0
