0.0 31
1.0 41
2.0 39
3.0 49
4.0 75
5.0 78
6.0 69
7.0 80
8.0 88
9.0 86
10.0 112
11.0 117
12.0 137
13.0 139
14.0 187
15.0 165
16.0 155
17.0 117
18.0 97
19.0 122
20.0 90
21.0 73
22.0 64
23.0 59
24.0 45
25.0 43
26.0 49
27.0 37
28.0 26
29.0 30
30.0 26
31.0 21
32.0 19
33.0 22
34.0 22
35.0 14
36.0 13
37.0 15
38.0 7
39.0 14
40.0 12
41.0 9
42.0 9
43.0 10
44.0 7
45.0 5
46.0 9
47.0 5
48.0 4
49.0 3
50.0 5
51.0 6
52.0 5
53.0 5
54.0 1
55.0 3
56.0 4
57.0 4
58.0 3
59.0 2
60.0 1
61.0 3
62.0 3
63.0 2
64.0 3
65.0 1
66.0 0
67.0 1
68.0 2
69.0 2
70.0 2
71.0 1
72.0 2
73.0 1
74.0 2
75.0 0
76.0 2
77.0 0
78.0 1
79.0 1
80.0 0
81.0 1
82.0 1
83.0 1
84.0 0
85.0 0
86.0 1
87.0 0
88.0 1
89.0 0
90.0 1
91.0 0
92.0 0
93.0 0
94.0 0
95.0 0
96.0 0
97.0 0
98.0 1
99.0 0
100.0 0
101.0 0
102.0 0
103.0 0
104.0 1
105.0 1
106.0 0
107.0 0
108.0 0
109.0 0
110.0 0
111.0 1
112.0 0
113.0 0
114.0 0
115.0 0
116.0 0
117.0 0
118.0 0
119.0 0
120.0 1
121.0 0
122.0 0
123.0 0
124.0 0
125.0 0
126.0 1
127.0 0
